 -1 -1 -1 -1 -1 -1 -1 -1 -1 -1 -1 -1 -1 -1 -1
 -1 -1 -1 -1 -1 -1 -1 -1 -1 -1 -1 -1 -1 -1 -1
 -1 -1 -1 -1 -1 -1 -1 -1 -1 -1 -1 -1 -1 -1 -1
 -1 -1 -1 -1 -1 -1 -1 -1 -1 -1 -1 -1 -1 -1 -1
 -1 -1 -1 -1  0 -1 -1 -1 -1 -1 -1 -1 -1 -1 -1
 -1 -1 -1  0  0 25 -1 -1 -1 -1 -1 -1 -1 -1 -1
  0  0  0  0  0 33 26 -1 -1 -1 -1 -1 -1 -1 -1
 -1  0  0  0 32  0 28  1 -1 -1 -1 -1 -1 -1 -1
 -1 15  0 36  0  0  0  3  2 -1 -1 -1 -1 -1 -1
 -1 -1 13  0  0  0  0 -1 -1 -1 -1 -1 -1 -1 -1
 -1 -1  0  0  0 -1 -1 -1 -1 -1 -1 -1 -1 -1 -1
 -1 -1 -1  0  0 -1 -1 -1 -1 -1 -1 -1 -1 -1 -1
 -1 -1 -1 -1 -1 -1 -1 -1 -1 -1 -1 -1 -1 -1 -1
 -1 -1 -1 -1 -1 -1 -1 -1 -1 -1 -1 -1 -1 -1 -1
 -1 -1 -1 -1 -1 -1 -1 -1 -1 -1 -1 -1 -1 -1 -1

 -1 -1 -1 -1 -1 -1 -1 -1 -1 -1 -1 -1 -1 -1 -1
 -1 -1 -1 -1 -1 -1 -1 -1 -1 -1 -1 -1 -1 -1 -1
 -1 -1 -1 -1 -1 -1 -1 -1 -1 -1 -1 -1 -1 -1 -1
 -1 -1 -1 -1 -1 -1 -1 -1 -1 -1 -1 -1 -1 -1 -1
 -1 -1 -1 -1 25 -1 -1 -1 -1 -1 -1 -1 -1 -1 -1
 -1 -1 -1  0 29  X -1 -1 -1 -1 -1 -1 -1 -1 -1
  0  0  0 32 30  X  X -1 -1 -1 -1 -1 -1 -1 -1
 -1 15 25 34  X 29  X  1 -1 -1 -1 -1 -1 -1 -1
 -1  X 21  X 34 30 16  X  X -1 -1 -1 -1 -1 -1
 -1 -1  X 24 36  0  3 -1 -1 -1 -1 -1 -1 -1 -1
 -1 -1 13 13  0 -1 -1 -1 -1 -1 -1 -1 -1 -1 -1
 -1 -1 -1  0  0 -1 -1 -1 -1 -1 -1 -1 -1 -1 -1
 -1 -1 -1 -1 -1 -1 -1 -1 -1 -1 -1 -1 -1 -1 -1
 -1 -1 -1 -1 -1 -1 -1 -1 -1 -1 -1 -1 -1 -1 -1
 -1 -1 -1 -1 -1 -1 -1 -1 -1 -1 -1 -1 -1 -1 -1

 -1 -1 -1 -1 -1 -1 -1 -1 -1 -1 -1 -1 -1 -1 -1
 -1 -1 -1 -1 -1 -1 -1 -1 -1 -1 -1 -1 -1 -1 -1
 -1 -1 -1 -1 -1 -1 -1 -1 -1 -1 -1 -1 -1 -1 -1
 -1 -1 -1 -1 -1 -1 -1 -1 -1 -1 -1 -1 -1 -1 -1
 -1 -1 -1 -1 25 -1 -1 -1 -1 -1 -1 -1 -1 -1 -1
 -1 -1 -1 29 29  X -1 -1 -1 -1 -1 -1 -1 -1 -1
 15 20 26 32 30  X  X -1 -1 -1 -1 -1 -1 -1 -1
 -1 15 25 34  X 29  X  1 -1 -1 -1 -1 -1 -1 -1
 -1  X 21  X 34 30 15  X  X -1 -1 -1 -1 -1 -1
 -1 -1  X 24 36 23  3 -1 -1 -1 -1 -1 -1 -1 -1
 -1 -1 13 13 24 -1 -1 -1 -1 -1 -1 -1 -1 -1 -1
 -1 -1 -1 13 13 -1 -1 -1 -1 -1 -1 -1 -1 -1 -1
 -1 -1 -1 -1 -1 -1 -1 -1 -1 -1 -1 -1 -1 -1 -1
 -1 -1 -1 -1 -1 -1 -1 -1 -1 -1 -1 -1 -1 -1 -1
 -1 -1 -1 -1 -1 -1 -1 -1 -1 -1 -1 -1 -1 -1 -1
